0.000009
0.000029
0.000063
0.000111
0.000136
0.000164
0.000219
0.000356
0.000458
0.000640
0.000588
0.000998
0.000768
0.000923
0.001055
0.001766
0.001307
0.001463
0.001704
0.001912
0.002125
0.002325
0.002405
0.002665
0.003021
0.003246
0.003347
0.003614
0.003812
0.004221
0.004590
0.005031
0.005243
0.005356
0.006013
0.005969
0.006548
0.007190
0.006930
0.007807
0.008202
0.008644
0.008765
0.008889
0.009540
0.009758
0.010271
0.010399
0.011271
0.011938
0.012531
0.012733
0.012664
0.013592
0.014252
0.014688
0.015374
0.015399
0.016234
0.016631
0.016879
0.018214
0.019847
0.019909
0.020870
0.021124
0.021658
0.021578
0.021505
0.022631
0.024102
0.023783
0.038775
0.029845
0.030253
0.030948
0.028777
0.029789
0.032474
0.029932
0.031324
0.030988
0.034073
0.032383
0.034257
0.035859
0.035540
0.040200
0.037185
0.038339
0.039995
0.041689
0.047042
0.042697
0.048972
0.045480
0.047272
0.057226
0.054333



0.000237
0.000482
0.000774
0.001007
0.001111
0.001504
0.002052
0.002102
0.002501
0.002256
0.002514
0.003594
0.006448
0.004385
0.004125
0.004367
0.004521
0.004979
0.006170
0.006502
0.008950
0.006761
0.009164
0.009333
0.008448
0.010958
0.011583
0.010375
0.008237
0.008939
0.009048
0.012498
0.009879
0.012177
0.012130
0.015506
0.015673
0.017940
0.019734
0.016240
0.013579
0.014156
0.014231
0.018941
0.020408
0.027534
0.024152
0.022977
0.021531
0.023143
0.027752
0.024629
0.022514
0.024489
0.024641
0.025789
0.025471
0.026286
0.026314
0.026718
0.027305
0.027197
0.026715
0.026136
0.027184
0.028340
0.027740
0.028283
0.029369
0.030806
0.030949
0.031497
0.031655
0.032732
0.033336
0.034057
0.034400
0.036427
0.052305
0.051294
0.047735
0.039062
0.042447
0.041139
0.041336
0.042447
0.042611
0.045891
0.043970
0.045411
0.045434
0.046577
0.046451
0.057951
0.048727
0.049747
0.049813
0.051616
0.052860



0.000157
0.000349
0.000485
0.000574
0.000742
0.001129
0.001377
0.001319
0.001446
0.001674
0.002433
0.003035
0.003048
0.002771
0.002999
0.003387
0.003314
0.003640
0.003760
0.004313
0.005925
0.004842
0.004910
0.005342
0.006928
0.006064
0.008121
0.006718
0.006853
0.009250
0.007503
0.008585
0.008925
0.010086
0.009285
0.011467
0.009881
0.013646
0.015664
0.016852
0.017193
0.018307
0.013628
0.017695
0.013341
0.014074
0.014079
0.015840
0.017780
0.017335
0.018845
0.019577
0.019670
0.023072
0.023574
0.023621
0.025855
0.023277
0.026074
0.026953
0.026604
0.026513
0.027992
0.027624
0.043585
0.038924
0.025286
0.026662
0.047459
0.041020
0.027736
0.029717
0.039326
0.042760
0.039930
0.031981
0.042400
0.049901
0.033273
0.035041
0.034597
0.034988
0.043739
0.064381
0.037972
0.047443
0.070234
0.040787
0.041102
0.056205
0.049752
0.043864
0.044239
0.045033
0.045950
0.047399
0.047306
0.049226
0.049141
